11 5
13011040    Jongwon    63.00   63.00   100.00  10.00   36.00   
13011041    Minji      63.00   63.00   100.00  10.00   36.00
13011042    Younghov   71.00   56.00   41.00   26.00   71.00 
13011043    Haein      66.00   56.00   46.00   36.00   66.00
13011044    Seokho     78.00   56.00   63.00   63.00   78.00
13011045    Dohyun     75.00   84.00   56.00   56.00   75.00
13011046    Taegyun    91.00   80.00   56.00   49.00   91.00
13011047    Jangwon    78.00   54.00   63.00   42.00   78.00
13011048    Jaehyuk    64.00   84.00   56.00   84.00   64.00
13011049    Moonsoo    84.00   80.00   77.00   80.00   84.00
13011050    Myungho    80.00   54.00   41.00   54.00   80.00