30 6
1407030109 刘钦麒 63 63 100 10 36 63
1407030328 薛勇梅 63 63 100 10 36 63
1507020101 王琳 71 56 41 26 71 77
1507020102 李婧怡 66 56 46 36 66 41
1507020103 崔晓帅 78 56 63 63 78 68
1507020104 张友彩 75 84 56 56 75 62
1507020105 胡雨晴 91 80 56 49 91 63
1507020106 赵轩朗 78 54 63 42 78 81
1507020107 罗智瀚 64 84 56 84 64 46
1507020108 彭傲 84 80 77 80 84 73
1507020109 缪昱 80 54 41 54 80 98
1507020110 戴杰乐 54 94 68 42 54 98
1507020111 王春飞 94 64 62 27 94 98
1507020112 李尧 64 95 63 84 64 98
1507020113 吴洁 95 90 81 80 95 71
1507020114 黄天波 41 80 46 54 90 66
1507020115 吴明言 68 56 73 34 80 78
1507020116 李锐 62 77 73 84 83 75
1507020117 李浩东 63 41 73 80 88 91
1507020118 田丰 81 68 73 54 63 78
1507020119 高磊 46 62 73 94 56 64
1507020120 高彪 73 63 84 64 77 84
1507020121 王明达 98 81 80 95 41 80
1507020122 彭浩 76 46 54 90 68 54
1507020123 王朝阳 77 73 94 80 62 94
1507020124 王奇林 84 98 64 12 63 64
1507020125 张鸿楷 80 98 95 55 81 95
1507020126 严文 54 98 90 12 46 94
1507020128 张震 34 23 80 100 73 64
1507020129 刘阳 46 54 23 21 98 95
